V:1.0
ARMATURES
Armature
32
Spine [(1.0 0.0 0.0 0.0)(0.0 1.0 0.0 0.0)(0.0 3.820678884380868e-09 1.0 -0.020171280950307846)(0.0 0.0 0.0 1.0)]
Spine.001 [(1.0 0.0 0.0 0.0)(0.0 1.0 3.820678884380868e-09 0.4875168204307556)(0.0 0.0 1.0 -0.020171279087662697)(0.0 0.0 0.0 1.0)]
Spine.002 [(1.0 0.0 0.0 0.0)(0.0 1.0 3.820678884380868e-09 0.9750336408615112)(0.0 0.0 1.0 -0.020171279087662697)(0.0 0.0 0.0 1.0)]
Spine.003 [(1.0 0.0 0.0 0.0)(0.0 1.0 3.820678884380868e-09 1.462550401687622)(0.0 0.0 1.0 -0.020171279087662697)(0.0 0.0 0.0 1.0)]
Head_back [(1.0 0.0 0.0 0.0)(0.0 0.9491158127784729 0.3149273097515106 1.9500672817230225)(0.0 -0.3149273097515106 0.9491158127784729 -0.020171279087662697)(0.0 0.0 0.0 1.0)]
Head_tentacle_base [(1.0 0.0 0.0 0.0)(0.0 -0.28382712602615356 0.9588754773139954 3.275320529937744)(0.0 -0.9588754773139954 -0.28382715582847595 -0.4599051773548126)(0.0 0.0 0.0 1.0)]
Head_tentacle_extension [(1.0 0.0 0.0 0.0)(0.0 -0.07525764405727386 0.9971641302108765 2.9021518230438232)(0.0 -0.9971641302108765 -0.07525767385959625 -1.7206101417541504)(0.0 0.0 0.0 1.0)]
Head_front [(-0.7722345590591431 0.006222061812877655 0.6353071331977844 0.0)(0.12632806599140167 0.9814894199371338 0.14394299685955048 1.9500672817230225)(-0.6226516962051392 0.19141489267349243 -0.7587260603904724 -0.020171279087662697)(0.0 0.0 0.0 1.0)]
Face_right [(-0.7183773517608643 -0.69429612159729 -0.04343637824058533 0.008714708499610424)(-0.06230148673057556 0.00202217698097229 0.9980551600456238 3.3247551918029785)(-0.6928581595420837 0.7196865081787109 -0.044708460569381714 0.24792712926864624)(0.0 0.0 0.0 1.0)]
Eye_base_left [(-0.852065920829773 -0.5234341025352478 -0.0005501396954059601 -0.31414052844047546)(0.001629956066608429 -0.003704470582306385 0.9999917149543762 3.325695514678955)(-0.5234319567680359 0.8520579934120178 0.00400954857468605 0.5825891494750977)(0.0 0.0 0.0 1.0)]
Eye_mid_right [(0.9999999403953552 -3.4924596548080444e-10 -3.0113369575701654e-08 -0.386300265789032)(8.102506399154663e-08 0.999999463558197 -3.1385570764541626e-07 3.3251848220825195)(1.7837533050624188e-07 3.8836151361465454e-07 0.9999998807907104 0.7000523805618286)(0.0 0.0 0.0 1.0)]
Eye_top_right [(0.9999999403953552 -1.062583807176431e-17 2.3841855067985307e-07 -0.386300265789032)(8.067590329119412e-08 0.999999463558197 -3.132868471311667e-07 3.478879928588867)(-9.015658974931284e-08 3.8779268152211444e-07 0.9999998807907104 0.7000524401664734)(0.0 0.0 0.0 1.0)]
Eye_bottom_right [(0.9999999403953552 -1.7462298274040222e-10 6.002073860145174e-08 -0.386300265789032)(8.137430995702744e-08 -0.9999997019767761 1.2246891856193542e-07 3.3251848220825195)(8.896836334315594e-08 -4.656612873077393e-10 -0.9999998211860657 0.7000523805618286)(0.0 0.0 0.0 1.0)]
Face_left [(-0.7215284109115601 0.6923388242721558 -0.008001714944839478 0.008714708499610424)(-0.009441733360290527 0.0017171753570437431 0.9999539852142334 3.3247551918029785)(0.6923205256462097 0.7215708494186401 0.005297914147377014 0.24792712926864624)(0.0 0.0 0.0 1.0)]
Eye_base_right [(-0.8764746189117432 0.4814459979534149 0.001530580222606659 0.3297797441482544)(0.0001676781103014946 -0.002873859601095319 0.9999958872795105 3.3255515098571777)(0.481448233127594 0.8764713406562805 0.002438164781779051 0.5825482606887817)(0.0 0.0 0.0 1.0)]
Eye_mid_left [(1.0000001192092896 8.149072527885437e-10 3.6788514989893883e-07 0.3943248689174652)(-6.6356733441352844e-09 0.9998705387115479 0.016086112707853317 3.3251662254333496)(-1.7231673155038152e-07 -0.016086038202047348 0.999870777130127 0.7000524997711182)(0.0 0.0 0.0 1.0)]
Eye_top_left [(1.0000001192092896 1.7763568394002505e-15 2.3841863594498136e-07 0.3943248689174652)(-1.991211995289177e-08 0.9964720606803894 0.08392418175935745 3.4789485931396484)(-4.206981429888401e-08 -0.08392412960529327 0.9964723587036133 0.6975784301757812)(0.0 0.0 0.0 1.0)]
Eye_bottom_left [(1.000000238418579 0.0 -6.623304216191173e-08 0.3943248689174652)(1.1641532182693481e-10 -1.000000238418579 -1.0104849934577942e-07 3.3251662254333496)(1.2572513696795795e-07 -4.656612873077393e-10 -1.000000238418579 0.7000524997711182)(0.0 0.0 0.0 1.0)]
Scarf_neck [(0.7182363867759705 -0.6956140995025635 0.016045473515987396 0.0)(0.001143810455687344 0.02424090914428234 0.9997054934501648 1.9500672817230225)(-0.6957982778549194 -0.7180066108703613 0.018206357955932617 -0.020171279087662697)(0.0 0.0 0.0 1.0)]
Scarf_base [(0.9994766116142273 -0.03231249749660492 0.0015893385279923677 -0.5564709901809692)(-0.032342761754989624 -0.9968477487564087 0.07244765013456345 1.9694592952728271)(-0.0007566147251054645 -0.07246121764183044 -0.9973711967468262 -0.5945556163787842)(0.0 0.0 0.0 1.0)]
Scarf_mid [(0.9985930919647217 -0.05301520600914955 0.001169926137663424 -0.5705243945121765)(-0.05299956724047661 -0.9970871210098267 0.05484938994050026 1.5359086990356445)(-0.0017413138411939144 -0.05483430624008179 -0.9984942078590393 -0.6260705590248108)(0.0 0.0 0.0 1.0)]
Scarf_mid.001 [(0.9986373782157898 -0.05214684084057808 0.002044983673840761 -0.5938552618026733)(-0.05216086655855179 -0.9961320757865906 0.07071386277675629 1.0971118211746216)(-0.0016504109371453524 -0.070724256336689 -0.9974948167800903 -0.6502019762992859)(0.0 0.0 0.0 1.0)]
Scarf_bottom [(0.9979076385498047 -0.06464048475027084 0.0014715582365170121 -0.6168999075889587)(-0.0646197721362114 -0.9962952733039856 0.056747421622276306 0.6569027304649353)(-0.002202055649831891 -0.056723855435848236 -0.9983877539634705 -0.6814563274383545)(0.0 0.0 0.0 1.0)]
Scarf_gems [(-0.2991321086883545 -0.1264796257019043 -0.9457924365997314 -0.6452777981758118)(0.1255042403936386 -0.9877812266349792 0.09240064024925232 0.21951794624328613)(-0.9459224343299866 -0.0910610556602478 0.31135067343711853 -0.7063587307929993)(0.0 0.0 0.0 1.0)]
Leg_hip_right [(-0.3212221562862396 -0.37050020694732666 -0.8715195059776306 0.0)(0.13201498985290527 -0.9288245439529419 0.3462038040161133 0.0)(-0.937757134437561 -0.0038452744483947754 0.34727057814598083 -0.020171280950307846)(0.0 0.0 0.0 1.0)]
Knee_right [(0.9857611656188965 -0.16812285780906677 -0.0031828880310058594 -0.40008822083473206)(-0.16815227270126343 -0.9855365753173828 -0.021037258207798004 -1.0030001401901245)(0.0003999471664428711 0.02127295732498169 -0.9997736811637878 -0.024323638528585434)(0.0 0.0 0.0 1.0)]
Calf_right [(0.9983586668968201 -0.04751681908965111 0.03197634592652321 -0.4797964096069336)(-0.04678814858198166 -0.9986364841461182 -0.023156367242336273 -1.4702496528625488)(0.03303300216794014 0.021622279658913612 -0.9992203116416931 -0.014237985946238041)(0.0 0.0 0.0 1.0)]
Foot_right [(0.9980337023735046 -0.06102469190955162 -0.014324814081192017 -0.502000093460083)(-0.06101788207888603 -0.9981362819671631 0.0008966345340013504 -1.9368929862976074)(-0.014352884143590927 -2.0761042833328247e-05 -0.9998969435691833 -0.004134315066039562)(0.0 0.0 0.0 1.0)]
Leg_hip_left [(-0.5507535338401794 0.3702765703201294 0.7480412125587463 0.0)(-0.22284114360809326 -0.9289135932922363 0.2957383990287781 0.0)(0.8043707609176636 -0.0038154423236846924 0.5941153764724731 -0.020171280950307846)(0.0 0.0 0.0 1.0)]
Knee_left [(0.985627293586731 0.16888177394866943 0.004197925329208374 0.3999999761581421)(0.1689329445362091 -0.9854062795639038 -0.02088204026222229 -1.0034807920455933)(0.0006100833415985107 0.021291017532348633 -0.9997730255126953 -0.024293001741170883)(0.0 0.0 0.0 1.0)]
Calf-left [(0.998367190361023 0.047572944313287735 -0.03161557763814926 0.47999995946884155)(0.04685534909367561 -0.9986352920532227 -0.023066537454724312 -1.4702717065811157)(-0.032669756561517715 0.021547455340623856 -0.9992337822914124 -0.014207362197339535)(0.0 0.0 0.0 1.0)]
Foot_left [(0.9980678558349609 0.06063993647694588 0.013529174029827118 0.5022274255752563)(0.060634735971689224 -0.9981595873832703 0.0008010659366846085 -1.9368637800216675)(0.013552878051996231 2.0761042833328247e-05 -0.9999080300331116 -0.004139750264585018)(0.0 0.0 0.0 1.0)]

0:  1 . 1:  2 . 2:  3 . 3:  4 7 18 . 4:  5 . 5:  6 . 6:  . 7:  8 13 . 8:  9 . 9:  10 12 . 10:  11 . 11:  . 12:  . 13:  14 . 14:  15 17 . 15:  16 . 16:  . 17:  . 18:  19 . 19:  20 . 20:  21 . 21:  22 . 22:  23 . 23:  . 24:  25 . 25:  26 . 26:  27 . 27:  . 28:  29 . 29:  30 . 30:  31 . 31:  . 

SKINS :: Nika
4:12890
Nika_Body
NIL
[0 28 0.540017306804657] [0 29 0.445157915353775] [1 28 0.5428359508514404] [1 29 0.445033997297287] [2 17 2.384724939474836e-05] [2 3 0.1710345298051834] [2 4 0.06624715030193329] [2 7 0.7328721880912781] [3 4 0.00232503074221313] [3 3 0.8421510457992554] [3 1 0.026334688067436218] [3 7 0.09605410695075989] [4 28 0.01554919220507145] [4 25 0.0006450994405895472] [4 24 0.0005331558058969676] [4 29 0.9452521204948425] [5 25 0.0023689051158726215] [5 24 0.0017968642059713602] [5 29 0.9023743271827698] [5 28 0.05962285399436951] [6 28 0.014768938533961773] [6 29 0.9487553834915161] [7 28 0.0002470053732395172] [7 29 0.9571355581283569] [8 28 1.924321395563311e-07] [8 31 0.9705182313919067] [8 29 0.00780494837090373] [9 31 0.9769850969314575] [9 28 9.925741323968396e-05] [9 29 0.007539723999798298] [10 31 0.9750798940658569] [10 29 0.00884744618088007] [10 28 1.7037047655321658e-05] [11 4 0.1359565705060959] [11 5 0.14694444835186005] [11 7 0.235486701130867] [11 8 0.2380860447883606] [11 13 0.08032751828432083] [11 11 0.0033335424959659576] [11 16 0.13083939254283905] [12 4 0.1184142455458641] [12 5 0.8442189693450928] [13 11 0.0003556053270585835] [13 17 0.0003291316970717162] [13 16 0.43899261951446533] [13 13 0.15011081099510193] [13 8 0.1463550180196762] [13 7 0.07041335105895996] [13 5 0.07885266095399857] [13 4 0.08536814153194427] [14 3 0.054355282336473465] [14 5 0.08102960884571075] [14 4 0.779525637626648] [14 7 0.06737471371889114] [15 17 0.0001592318876646459] [15 3 7.34694731363561e-06] [15 13 8.576151594752446e-05] [15 7 0.033427029848098755] [15 5 0.29560622572898865] [15 4 0.6258618235588074] [16 8 0.0006192123400978744] [16 12 4.002353307441808e-05] [16 17 0.12669120728969574] [16 13 0.056498654186725616] [16 7 0.6353365778923035] [16 4 0.11849367618560791] [17 4 0.12477225810289383] [17 5 0.8466021418571472] [18 4 0.20615997910499573] [18 5 0.7752588987350464] [19 25 0.00018438315601088107] [19 24 0.0006389983464032412] [19 29 0.11250139027833939] [19 28 0.8474149107933044] [20 24 8.309545955853537e-05] [20 3 0.01748676970601082] [20 1 0.8953616619110107] [20 28 0.05786002427339554] [21 29 0.24314093589782715] [21 28 0.7459437847137451] [22 29 0.9400043487548828] [22 28 0.018755678087472916] [23 18 0.0001114077604142949] [23 28 0.00040415977127850056] [23 3 0.8409688472747803] [23 1 0.03500959649682045] [23 4 0.02559853158891201] [23 7 0.06189482659101486] [24 7 0.5178166627883911] [24 4 0.26526564359664917] [24 3 0.1846015900373459] [25 25 0.0016310426872223616] [25 24 0.00017008233407977968] [25 29 0.9364793300628662] [25 28 0.012758685275912285] [26 31 1.0330992937088013] [27 31 1.01980721950531] [28 17 1.4025466043676715e-05] [28 16 0.06130077689886093] [28 13 0.047335345298051834] [28 8 0.024984868243336678] [28 7 0.013342860154807568] [28 5 0.4007706642150879] [28 4 0.4096728563308716] [29 13 0.0038718953728675842] [29 4 0.6764611601829529] [29 5 0.053018614649772644] [29 7 0.1670951247215271] [29 3 0.0022111237049102783] [29 17 0.02425532415509224] [30 4 0.5869156718254089] [30 5 0.21773767471313477] [30 7 0.011820510029792786] [30 13 0.10234403610229492] [31 8 0.0004889647243544459] [31 3 3.893128814524971e-05] [31 17 0.06448934227228165] [31 13 0.055550362914800644] [31 7 0.08674067258834839] [31 5 0.12964312732219696] [31 4 0.6312205791473389] [32 28 0.8821381330490112] [32 29 0.09283678233623505] [33 28 0.04541900381445885] [33 1 0.9128249883651733] [33 3 0.012804198078811169] [34 5 0.9627718329429626] [34 6 0.01058514416217804] [35 4 0.0007343417382799089] [35 6 0.059697628021240234] [35 5 0.9301769733428955] [36 5 0.8494989275932312] [36 6 0.13599930703639984] [36 4 0.003610878251492977] [37 25 4.6244684199336916e-05] [37 28 0.8715887069702148] [37 24 0.008246241137385368] [37 1 0.06666000187397003] [37 29 0.009192781522870064] [38 24 0.5031788945198059] [38 25 0.4489665627479553] [38 28 0.030746418982744217] [39 24 0.5105359554290771] [39 25 0.45106595754623413] [39 28 0.014527971856296062] [40 18 6.905979262228357e-06] [40 4 2.6509080271353014e-05] [40 3 0.8366086483001709] [40 1 0.036490704864263535] [40 7 0.10105971992015839] [41 5 5.842791779286927e-06] [41 7 0.00012332196638453752] [41 3 0.6987001895904541] [41 1 0.028944941237568855] [41 4 0.0961938425898552] [41 18 0.14696261286735535] [42 12 2.5696088414406404e-05] [42 3 0.1621410995721817] [42 4 0.06699436902999878] [42 7 0.7301925420761108] [43 24 0.0004263682058081031] [43 28 0.000246866955421865] [43 18 0.007390061393380165] [43 7 0.09259898215532303] [43 1 0.049411118030548096] [43 3 0.7967178821563721] [43 4 0.0020458404906094074] [44 24 0.08469285815954208] [44 25 0.10247533023357391] [44 28 0.7034233808517456] [44 29 0.10416489839553833] [45 24 0.07560785114765167] [45 25 0.09967800229787827] [45 28 0.7186787128448486] [45 29 0.09975234419107437] [46 18 0.02123396471142769] [46 4 0.7629450559616089] [46 5 0.0024962611496448517] [46 7 0.020670633763074875] [46 3 0.1292785257101059] [47 7 0.7823928594589233] [47 4 0.0018699876964092255] [47 3 0.163913756608963] [48 29 0.0006557546439580619] [48 28 0.0054937624372541904] [48 24 0.010630626231431961] [48 25 0.9532671570777893] [49 29 0.0023706662468612194] [49 25 0.9107871055603027] [49 24 0.041821062564849854] [49 28 0.01820221357047558] [50 25 0.9355440735816956] [50 28 0.02326994016766548] [51 25 0.9452139735221863] [52 25 6.814115477027372e-05] [52 27 0.9774441123008728] [53 27 0.9937004446983337] [54 27 0.9726155996322632] [54 25 0.00741141103208065] [54 28 0.00018826793530024588] [55 28 5.4745207307860255e-05] [55 25 0.01174313947558403] [55 27 0.9637734293937683] [56 4 0.1364029049873352] [56 5 0.1473265141248703] [56 7 0.23488081991672516] [56 8 0.16194620728492737] [56 13 0.15519770979881287] [56 11 0.13183538615703583] [56 16 0.0031048953533172607] [57 4 0.36871129274368286] [57 5 0.5281886458396912] [57 7 0.014030064456164837] [57 8 0.01232675090432167] [58 4 0.09636204689741135] [58 5 0.10506565868854523] [58 7 0.3149149417877197] [58 8 0.24939502775669098] [58 11 0.06474383175373077] [58 13 0.10001672804355621] [58 16 0.06430758535861969] [59 4 0.06711709499359131] [59 5 0.9096077680587769] [60 4 0.11845225840806961] [60 5 0.8442354798316956] [61 12 0.0003455565602052957] [61 16 0.00035361043410375714] [61 11 0.44113901257514954] [61 13 0.03120374120771885] [61 8 0.2525867521762848] [61 7 0.0705164223909378] [61 5 0.07899178564548492] [61 4 0.08586252480745316] [62 4 0.03438948467373848] [62 5 0.03165174648165703] [62 7 0.08963917940855026] [62 8 0.6264824867248535] [62 11 0.07167813926935196] [62 13 0.04938117042183876] [62 16 0.07128041982650757] [63 18 4.907223683403572e-06] [63 3 0.03221290186047554] [63 5 0.08992642164230347] [63 4 0.8224676847457886] [63 7 0.0003325532888993621] [64 12 0.00016150496958289295] [64 8 0.00012874339881818742] [64 7 0.03296996280550957] [64 5 0.2956225275993347] [64 4 0.6258854866027832] [65 17 3.972680133301765e-05] [65 12 0.12809138000011444] [65 8 0.07339860498905182] [65 7 0.6313446164131165] [65 4 0.12022151052951813] [66 4 0.021085035055875778] [66 7 0.8229292035102844] [66 8 0.06325283646583557] [67 4 0.12482191622257233] [67 5 0.8466231822967529] [68 17 0.00012995906581636518] [68 12 1.6536381735932082e-05] [68 4 5.9503698139451444e-05] [68 16 2.9424407330225222e-05] [68 5 1.837055151554523e-06] [68 13 0.03455297276377678] [68 8 0.7952523827552795] [68 7 0.09804540127515793] [69 4 0.0048357099294662476] [69 7 0.6613636612892151] [69 8 0.1933862268924713] [69 12 0.028932107612490654] [69 17 0.028717873618006706] [70 4 0.10655566304922104] [70 5 0.8403286933898926] [70 6 0.04070136323571205] [71 24 0.14107529819011688] [71 25 0.01860678568482399] [71 28 0.7659050226211548] [71 29 0.020271051675081253] [72 29 0.00018965160415973514] [72 28 0.10116970539093018] [72 25 0.10814820230007172] [72 24 0.7705303430557251] [73 24 0.1329551339149475] [73 25 0.00984368845820427] [73 28 0.7818342447280884] [73 29 0.011141769587993622] [74 28 0.0010509237181395292] [74 3 1.4626641132053919e-05] [74 1 0.9085014462471008] [74 24 0.022785261273384094] [75 24 0.00047003928921185434] [75 3 0.0009566813823767006] [75 1 0.9113948941230774] [75 28 0.022783201187849045] [76 28 0.001922560972161591] [76 3 0.01416944619268179] [76 1 0.8952121138572693] [76 24 0.0340285487473011] [77 28 0.03778109326958656] [77 1 0.9008966684341431] [77 3 0.02087460830807686] [78 28 0.0031969184055924416] [78 25 0.2167065590620041] [78 24 0.7596989274024963] [79 28 0.00010434343130327761] [79 24 0.009546020068228245] [79 25 0.9515904784202576] [80 24 0.00027396410587243736] [80 3 0.7246075868606567] [80 1 0.03293795883655548] [80 7 0.06100282445549965] [80 4 0.02163551189005375] [80 18 0.12760913372039795] [81 18 0.028892798349261284] [81 4 0.26613205671310425] [81 7 0.5146835446357727] [81 3 0.15094536542892456] [82 29 0.0016649634344503284] [82 24 0.00017008199938572943] [82 28 0.031422656029462814] [82 25 0.9137358069419861] [83 27 1.0214226245880127] [84 27 1.0286343097686768] [85 4 0.20122739672660828] [85 5 0.2362440824508667] [85 7 0.19229377806186676] [85 8 0.17878510057926178] [85 13 0.1451033353805542] [86 13 1.9796214473899454e-05] [86 12 1.4712421034346335e-05] [86 11 0.061696797609329224] [86 8 0.06666608154773712] [86 7 0.013394727371633053] [86 5 0.4008468687534332] [86 4 0.4098603427410126] [87 8 0.013717676512897015] [87 4 0.6768916845321655] [87 5 0.053092725574970245] [87 7 0.16617587208747864] [87 12 0.024831462651491165] [88 4 0.5874284505844116] [88 5 0.21793580055236816] [88 7 0.012205246835947037] [88 8 0.11325501650571823] [89 12 0.06477729976177216] [89 8 0.06370007991790771] [89 7 0.08646854013204575] [89 5 0.1297551542520523] [89 4 0.6316380500793457] [90 24 0.8689430952072144] [90 25 0.08067759871482849] [90 28 0.019412148743867874] [91 24 0.03363402560353279] [91 1 0.9126407504081726] [91 3 0.002369362860918045] [92 5 0.9628934264183044] [92 6 0.01803501322865486] [93 5 0.9627723693847656] [93 6 0.01058514416217804] [94 4 0.0007345557678490877] [94 6 0.05969768017530441] [94 5 0.9301779866218567] [95 5 0.8495000600814819] [95 6 0.13599932193756104] [95 4 0.0036109290085732937] [96 5 0.5540414452552795] [96 6 0.4457950294017792] [97 5 2.36151686294761e-06] [97 6 1.0471149682998657] [98 5 0.0009633752051740885] [98 6 1.0103920698165894] [99 28 0.7394320964813232] [99 24 0.15899516642093658] [99 1 0.08099072426557541] [100 29 5.2353596402099356e-05] [100 28 0.14002330601215363] [100 24 0.7639385461807251] [100 1 0.0645986795425415] [100 25 0.008683755062520504] [101 4 0.0005455052596516907] [101 7 0.10010489076375961] [101 1 0.031250692903995514] [101 3 0.8385276198387146] [102 31 0.07983355969190598] [102 28 0.01090948935598135] [102 29 0.8745793104171753] [103 3 0.8284672498703003] [103 1 0.051187194883823395] [103 4 0.011980517767369747] [103 7 0.0728003978729248] [103 28 0.001235302770510316] [104 3 0.7600970268249512] [104 1 0.02828206680715084] [104 4 0.08745861053466797] [104 18 0.08112039417028427] [105 1 0.018277833238244057] [105 3 0.5007610321044922] [105 4 0.0009349938482046127] [105 7 0.4412423372268677] [106 1 5.4172915042727254e-06] [106 7 0.6251215934753418] [106 4 0.16577759385108948] [106 3 0.17806364595890045] [107 4 0.04723081365227699] [107 18 0.07394524663686752] [107 3 0.3518362045288086] [107 1 0.4693758189678192] [107 28 0.010939585976302624] [107 24 7.667645149922464e-06] [108 29 0.27466142177581787] [108 28 0.6217203140258789] [108 25 0.05123766511678696] [108 24 0.04234642907977104] [109 25 0.04983900114893913] [109 24 0.037803925573825836] [109 29 0.2723931670188904] [109 28 0.6307573318481445] [110 5 0.0012481305748224258] [110 18 0.010616982355713844] [110 3 0.14411477744579315] [110 4 0.7304403185844421] [110 7 0.058818839490413666] [111 3 0.16758136451244354] [111 4 0.034078702330589294] [111 7 0.7575557231903076] [112 7 0.010335316881537437] [112 5 0.0012481305748224258] [112 3 0.41541916131973267] [112 1 0.014531305991113186] [112 4 0.4285796582698822] [112 18 0.08372095227241516] [113 24 0.10542184114456177] [113 25 0.05488182231783867] [113 28 0.7491578459739685] [113 29 0.05523424968123436] [114 8 0.006163375452160835] [114 7 0.0070150322280824184] [114 5 0.7188981771469116] [114 4 0.21791419386863708] [115 29 0.5284439325332642] [115 28 0.3594628572463989] [115 25 0.04983900114893913] [115 24 0.037803925573825836] [116 25 0.0006431745132431388] [116 24 0.0005315648741088808] [116 29 0.9484527111053467] [116 28 0.013024665415287018] [117 25 0.002418787917122245] [117 24 0.0018347013974562287] [117 28 0.022209376096725464] [117 29 0.9351488947868347] [118 29 0.9460508823394775] [118 28 0.011100895702838898] [119 25 0.0014997997786849737] [119 24 0.0011376296170055866] [119 28 0.285525381565094] [119 29 0.6883717179298401] [120 25 0.0008413356845267117] [120 24 0.0006953392294235528] [120 28 0.27762556076049805] [120 29 0.6944094300270081] [121 29 0.5264601707458496] [121 28 0.3590961694717407] [121 25 0.05123766511678696] [121 24 0.04234642907977104] [122 29 0.0014809841522946954] [122 28 1.117920965043595e-05] [122 31 1.008925437927246] [123 31 0.9969601631164551] [124 29 0.003915713634341955] [124 28 3.820049823843874e-05] [124 31 0.9981610774993896] [125 31 0.49230584502220154] [125 29 0.47437769174575806] [125 28 0.0073844692669808865] [126 31 0.49199458956718445] [126 29 0.47856777906417847] [126 28 0.0001235026866197586] [127 31 0.45557084679603577] [127 29 0.5134618282318115] [127 28 0.0003296411014162004] [128 31 0.9148910045623779] [128 29 0.0710744708776474] [128 28 2.3038128347252496e-06] [129 4 0.22888034582138062] [129 5 0.25206008553504944] [129 7 0.16890574991703033] [129 8 0.1703232228755951] [129 13 0.07013139873743057] [129 16 0.08264325559139252] [129 11 0.0016317693516612053] [130 4 0.3663540184497833] [130 5 0.5243588089942932] [130 7 0.01659434102475643] [130 8 0.015552796423435211] [130 13 0.00022826755593996495] [131 4 0.11550737917423248] [131 5 0.12525108456611633] [131 7 0.2742880582809448] [131 8 0.24554988741874695] [131 11 0.03446047008037567] [131 13 0.0901595801115036] [131 16 0.0977233350276947] [132 16 0.032153792679309845] [132 11 0.03237191587686539] [132 13 0.1225600317120552] [132 8 0.21409006416797638] [132 7 0.25360435247421265] [132 5 0.17065486311912537] [132 4 0.1487947255373001] [133 5 0.04161585494875908] [133 3 0.1057170033454895] [133 4 0.7412022948265076] [133 7 0.07997184991836548] [134 7 0.7370880246162415] [134 4 0.09476467221975327] [134 3 0.1192740648984909] [134 17 0.00812439527362585] [135 12 5.61176311748568e-05] [135 7 0.8180867433547974] [135 4 0.012437495402991772] [135 3 0.11156293749809265] [136 6 1.030693769454956] [137 4 0.24012793600559235] [137 5 0.68380206823349] [137 7 0.009500139392912388] [137 8 0.00931042991578579] [137 13 0.000226054442464374] [138 4 0.10999732464551926] [138 5 0.11221446841955185] [138 7 0.1516442596912384] [138 8 0.19308747351169586] [138 13 0.11418776959180832] [138 16 0.28759464621543884] [138 11 0.00226216996088624] [139 16 0.06779400259256363] [139 13 0.07469894737005234] [139 11 0.06821098923683167] [139 8 0.43793874979019165] [139 7 0.2022770643234253] [139 5 0.06835870444774628] [139 4 0.06537576764822006] [140 17 6.179902993608266e-05] [140 4 0.05982012301683426] [140 5 0.05529050529003143] [140 7 0.08009776473045349] [140 8 0.3871077001094818] [140 11 0.03589514270424843] [140 13 0.09880143404006958] [140 16 0.2554735541343689] [141 17 0.00011791979341069236] [141 4 0.24714654684066772] [141 5 0.23936887085437775] [141 7 0.04194393754005432] [141 8 0.08416877686977386] [141 13 0.09883655607700348] [141 16 0.2525651156902313] [142 5 0.8769133687019348] [142 4 0.092765673995018] [143 12 0.00012268126010894775] [143 7 0.8397032618522644] [143 4 0.021678529679775238] [143 3 0.028564559295773506] [143 8 0.031477391719818115] [144 18 0.010592257604002953] [144 4 0.7929568290710449] [144 5 0.0460551455616951] [144 7 0.010486215353012085] [144 3 0.08072368055582047] [145 6 4.029167757835239e-05] [145 7 8.47757764859125e-05] [145 4 0.6796753406524658] [145 5 0.2619667947292328] [145 3 0.007797507103532553] [146 7 0.01651899702847004] [146 5 0.535079836845398] [146 4 0.41667425632476807] [147 12 9.896266419673339e-05] [147 4 0.11050669103860855] [147 7 0.43505415320396423] [147 13 0.11612516641616821] [147 17 0.2637695372104645] [147 8 0.014185844920575619] [148 17 0.014358936809003353] [148 12 0.014466053806245327] [148 8 0.12831953167915344] [148 7 0.7421464323997498] [148 4 0.012960372492671013] [149 6 8.60278814798221e-05] [149 4 0.6270619630813599] [149 5 0.309612900018692] [149 7 0.01658044196665287] [150 12 9.512992983218282e-05] [150 4 0.06960784643888474] [150 7 0.7293825149536133] [150 13 0.028048817068338394] [150 17 0.06296443194150925] [150 8 0.03234848752617836] [151 6 0.03013855405151844] [151 5 0.8885698318481445] [151 4 0.062386129051446915] [152 13 0.00037861266173422337] [152 7 5.1377181080169976e-05] [152 16 5.9440215409267694e-05] [152 8 2.423958358122036e-05] [152 4 0.12340550869703293] [152 5 0.8429443836212158] [153 17 0.03123623877763748] [153 16 0.24738965928554535] [153 5 0.04141349345445633] [153 13 0.41262415051460266] [153 8 0.10535988211631775] [153 7 0.05637269467115402] [153 4 0.07493296265602112] [154 16 0.035640209913253784] [154 11 0.03583906963467598] [154 5 0.015825873240828514] [154 4 0.01719474233686924] [154 13 0.0417778380215168] [154 8 0.7113239169120789] [154 7 0.09368399530649185] [155 4 0.05609884485602379] [155 5 0.7021948099136353] [155 6 0.23510992527008057] [156 17 0.03123623877763748] [156 16 0.025529077276587486] [156 8 0.03377970680594444] [156 13 0.3897859454154968] [156 7 0.027074968442320824] [156 5 0.11046269536018372] [156 4 0.3254426121711731] [157 17 0.00012222547957208008] [157 13 0.0007459039334207773] [157 7 0.00023888800933491439] [157 4 0.16857746243476868] [157 5 0.8062812685966492] [158 6 0.020350681617856026] [158 5 0.5781532526016235] [158 4 0.3707756996154785] [159 16 4.005093069281429e-05] [159 5 2.5005015231727157e-06] [159 4 0.05353892594575882] [159 7 0.44763943552970886] [159 8 0.11213312298059464] [159 12 0.014486383646726608] [159 17 0.2136722356081009] [159 13 0.0880076214671135] [160 7 1.852246350608766e-05] [160 4 0.15733572840690613] [160 5 0.8067100644111633] [160 6 0.020370151847600937] [161 24 0.11258096992969513] [161 25 0.06001510098576546] [161 28 0.7350221276283264] [161 29 0.062498949468135834] [162 25 0.0010637080995365977] [162 24 0.001198457321152091] [162 28 0.6936349868774414] [162 29 0.2787117660045624] [163 29 0.005570884793996811] [163 25 0.004921844229102135] [163 1 0.04203338548541069] [163 24 0.1416912078857422] [163 28 0.7645103931427002] [164 25 0.009303392842411995] [164 24 0.07053764909505844] [164 29 0.06454163044691086] [164 28 0.8060051798820496] [165 28 0.8624630570411682] [165 29 0.10546782612800598] [166 28 0.8152933716773987] [166 29 0.06141816824674606] [166 24 0.06655234843492508] [166 25 0.0049871462397277355] [167 28 0.46579521894454956] [167 24 0.006684096064418554] [167 1 0.48257938027381897] [167 3 0.003907489124685526] [168 28 0.38536179065704346] [168 24 0.07979504764080048] [168 1 0.4920329749584198] [168 3 0.0004835409054066986] [169 28 0.4866892099380493] [169 1 0.46383172273635864] [169 3 0.008295976556837559] [169 24 0.0034597176127135754] [170 18 7.242237188620493e-05] [170 24 8.334036829182878e-05] [170 7 0.051423992961645126] [170 1 0.45530208945274353] [170 3 0.4417259693145752] [170 28 0.018160643056035042] [171 24 8.446605534118135e-06] [171 28 0.049030471593141556] [171 1 0.9067240953445435] [171 3 0.01522629801183939] [172 7 0.0016500242054462433] [172 28 0.04038093984127045] [172 1 0.8888781666755676] [172 3 0.03460538387298584] [173 28 0.6456373929977417] [173 29 0.3409331440925598] [174 29 0.939047634601593] [174 28 0.021564297378063202] [175 25 0.000796658918261528] [175 24 0.0003577819443307817] [175 28 0.008065449073910713] [175 29 0.9451026916503906] [176 29 0.026453426107764244] [176 31 0.9781111478805542] [176 28 0.00011659194569801912] [177 29 0.003931597340852022] [177 28 2.3615426471224055e-05] [177 31 0.9978452920913696] [178 13 0.0725516676902771] [178 8 0.09555592387914658] [178 7 0.10316192358732224] [178 5 0.38221636414527893] [178 4 0.2849693298339844] [179 4 0.26618432998657227] [179 5 0.6199102401733398] [179 7 0.0067081511951982975] [179 8 0.012482918798923492] [179 13 0.02397836185991764] [179 16 0.030610566958785057] [180 7 0.1811302900314331] [180 4 0.6760551929473877] [180 5 0.038081515580415726] [180 3 0.06592859327793121] [181 17 0.01212766207754612] [181 3 0.0011055618524551392] [181 13 0.0019359476864337921] [181 7 0.10006655752658844] [181 5 0.17395970225334167] [181 4 0.6518248319625854] [182 13 0.05117201805114746] [182 7 0.005910255014896393] [182 5 0.5321699380874634] [182 4 0.3558439612388611] [183 17 0.02923711948096752] [183 13 0.027102310210466385] [183 7 0.039666108787059784] [183 5 0.4547549784183502] [183 4 0.42475003004074097] [184 24 1.4269057828641962e-05] [184 28 0.04459209740161896] [184 1 0.9107106924057007] [184 3 0.010374312289059162] [185 24 7.57729503675364e-06] [185 28 0.8883824944496155] [185 1 0.033991456031799316] [185 29 0.046904969960451126] [186 28 0.8057209849357605] [186 29 0.17718173563480377] [187 4 0.6139811277389526] [187 5 0.17763982713222504] [187 7 0.04558486491441727] [187 13 0.07794050872325897] [187 17 0.029274774715304375] [188 17 0.01212766207754612] [188 5 0.026509307324886322] [188 13 0.0019359476864337921] [188 3 0.036540526896715164] [188 4 0.6369308233261108] [188 7 0.22007040679454803] [189 17 5.840555331815267e-06] [189 7 0.3955010771751404] [189 4 0.43130505084991455] [189 3 0.12767790257930756] [190 17 5.126727046445012e-05] [190 4 0.498053640127182] [190 5 0.3089964985847473] [190 7 0.012599829584360123] [190 13 0.07527858763933182] [190 8 0.012518844567239285] [190 16 0.03062991052865982] [191 4 0.3636963367462158] [191 5 0.37777477502822876] [191 7 0.05970720574259758] [191 8 0.06543010473251343] [191 13 0.05354725569486618] [191 16 0.04768972843885422] [192 28 0.00477356044575572] [192 29 0.48475730419158936] [192 31 0.5052526593208313] [193 31 1.0239999294281006] [193 29 0.00018954004917759448] [194 4 0.012726462446153164] [194 7 0.031460583209991455] [194 3 0.4309123754501343] [194 1 0.4697626531124115] [194 28 0.022709501907229424] [195 28 0.0037493393756449223] [195 29 0.48617562651634216] [195 31 0.49426427483558655] [196 18 1.4217894204193726e-06] [196 7 0.29041388630867004] [196 4 0.14555902779102325] [196 1 0.013340909034013748] [196 3 0.516569972038269] [197 29 0.5761686563491821] [197 28 0.2811940908432007] [197 25 0.10204679518938065] [198 24 0.04234642907977104] [198 29 0.15657785534858704] [198 28 0.6291893720626831] [198 25 0.1532844603061676] [199 29 0.15437158942222595] [199 28 0.6368169784545898] [199 25 0.15188579261302948] [199 24 0.037803925573825836] [200 5 0.47032949328422546] [200 6 0.5315061807632446] [201 6 0.01431007869541645] [201 5 0.9628326296806335] [202 6 0.48485758900642395] [202 5 0.49702581763267517] [203 4 0.0004008110845461488] [203 5 0.9463926553726196] [203 6 0.035192426294088364] [204 6 0.7283070683479309] [204 5 0.27702072262763977] [205 6 0.09887707978487015] [205 5 0.8911299705505371] [206 4 0.00045139508438296616] [206 5 0.7026791572570801] [206 6 0.29138055443763733] [207 6 0.06873852759599686] [207 5 0.813490629196167] [207 4 0.10307998955249786] [208 4 0.06793498992919922] [208 5 0.894821286201477] [208 6 0.0050868806429207325] [209 6 0.00901750661432743] [209 5 0.9362505674362183] [209 4 0.033558547496795654] [210 5 0.03343317657709122] [210 6 0.9617923498153687] [211 5 2.185088669648394e-05] [211 6 1.0289961099624634] [212 6 0.9614450335502625] [212 5 0.039392873644828796] [213 5 0.009813521057367325] [213 6 1.0061253309249878] [214 6 0.9770404696464539] [214 5 0.025013301521539688] [215 6 0.5381923317909241] [215 5 0.4530363380908966] [216 6 0.5161367654800415] [216 5 0.4814467132091522] [217 28 0.747186541557312] [217 24 0.15042726695537567] [217 1 0.08406677097082138] [218 1 0.040495362132787704] [218 29 0.010135525837540627] [218 28 0.752668559551239] [218 25 0.009303392842411995] [218 24 0.15003523230552673] [219 25 8.435318159172311e-05] [219 28 0.8603739738464355] [219 29 0.05619943141937256] [219 24 0.004826003219932318] [219 1 0.03587394952774048] [220 3 0.006402099039405584] [220 1 0.49070990085601807] [220 28 0.47021985054016113] [221 29 0.0022848076187074184] [221 28 0.8834729194641113] [221 24 0.006245727185159922] [221 1 0.06888827681541443] [222 25 0.0001672713551670313] [222 29 0.0008039030362851918] [222 28 0.8083080053329468] [222 24 0.0813966765999794] [222 1 0.0771036148071289] [223 29 0.0008055248181335628] [223 28 0.8845664858818054] [223 1 0.07035261392593384] [223 24 0.003330320119857788] [224 4 0.0005516314995475113] [224 7 0.09989141672849655] [224 1 0.031032972037792206] [224 3 0.8261735439300537] [224 18 0.0031497813761234283] [225 27 0.07963047921657562] [225 25 0.8847400546073914] [225 28 3.4032917028525844e-05] [225 24 0.006569643970578909] [226 3 0.7622842192649841] [226 1 0.05001048371195793] [226 7 0.0721818283200264] [226 4 0.010118531063199043] [226 18 0.06217104196548462] [226 24 0.0006988477543927729] [227 3 0.48052558302879333] [227 1 0.02330535650253296] [227 4 0.08229959011077881] [227 18 0.3787257969379425] [228 1 5.087045792606659e-06] [228 7 0.6222136616706848] [228 4 0.16658379137516022] [228 3 0.15675894916057587] [228 18 0.014467578381299973] [229 7 9.680814400780946e-05] [229 18 0.3009713888168335] [229 4 0.034667983651161194] [229 1 0.4723203182220459] [229 3 0.12884657084941864] [229 24 0.008285602554678917] [230 28 0.0003361123672220856] [230 24 0.010780809447169304] [230 1 0.4781051278114319] [230 3 0.41235896944999695] [230 18 0.0030388927552849054] [230 7 0.04186619818210602] [231 29 0.052082449197769165] [231 28 0.36708489060401917] [231 25 0.2757209539413452] [231 24 0.2939358651638031] [232 29 0.049876172095537186] [232 28 0.3666033446788788] [232 25 0.2753719687461853] [232 24 0.2930718958377838] [233 3 0.1631230115890503] [233 4 0.03445246070623398] [233 7 0.7562141418457031] [234 29 0.049876172095537186] [234 28 0.3593393564224243] [234 24 0.037803925573825836] [234 25 0.5224459767341614] [235 29 0.0006538120796903968] [235 24 0.001647446071729064] [235 25 0.9460288882255554] [235 28 0.01616206392645836] [236 29 0.002420552307739854] [236 28 0.017563484609127045] [236 24 0.0062028332613408566] [236 25 0.9340582489967346] [237 28 0.0248345248401165] [237 25 0.9279481768608093] [238 29 0.0015008606715127826] [238 25 0.6964069604873657] [238 24 0.25950202345848083] [238 28 0.01816524565219879] [239 29 0.0008551505743525922] [239 25 0.7004438042640686] [239 24 0.2539574205875397] [239 28 0.02132340334355831] [240 29 0.052082449197769165] [240 28 0.363346666097641] [240 25 0.5190097093582153] [240 24 0.04234642907977104] [241 25 0.0014994378434494138] [241 27 1.0060263872146606] [242 27 0.9947386980056763] [242 25 0.0013567255809903145] [243 28 0.00010626231232890859] [243 25 0.003829816821962595] [243 27 1.0003602504730225] [244 28 0.01163497008383274] [244 25 0.4677720367908478] [244 27 0.49005982279777527] [245 27 0.4862145483493805] [245 25 0.47414007782936096] [246 28 0.0005076741217635572] [246 25 0.5139756798744202] [246 27 0.4587378203868866] [247 25 0.5825059413909912] [247 27 0.3972514271736145] [248 4 0.22917775809764862] [248 5 0.25230905413627625] [248 7 0.1685224175453186] [248 8 0.12382056564092636] [248 13 0.11572232842445374] [248 11 0.08347473293542862] [248 16 0.0015198527835309505] [249 4 0.366375207901001] [249 5 0.5243724584579468] [249 7 0.016569532454013824] [249 8 0.015425577759742737] [249 13 0.00020215488621033728] [250 4 0.11572778970003128] [250 5 0.12543927133083344] [250 7 0.2739902138710022] [250 8 0.20827758312225342] [250 13 0.12678536772727966] [250 11 0.09843768179416656] [250 16 0.03412726894021034] [251 18 0.047940563410520554] [251 4 0.7404104471206665] [251 7 0.07917710393667221] [251 3 0.04679097980260849] [251 5 0.041385527700185776] [252 18 0.00044902574154548347] [252 7 0.7339575290679932] [252 4 0.09586736559867859] [252 3 0.11241795122623444] [252 12 0.008753986097872257] [253 4 0.24016819894313812] [253 5 0.6838236451148987] [253 7 0.0094755869358778] [253 8 0.009184461086988449] [253 13 0.00020019538351334631] [254 4 0.11045792698860168] [254 5 0.1124645471572876] [254 7 0.15138952434062958] [254 8 0.20822231471538544] [254 13 0.09203892946243286] [254 11 0.2891682982444763] [254 16 0.0021469194907695055] [255 12 6.489205406978726e-05] [255 4 0.060062475502491] [255 5 0.055355802178382874] [255 7 0.08014245331287384] [255 8 0.43927136063575745] [255 11 0.2567427158355713] [255 13 0.040319301187992096] [255 16 0.03569597750902176] [256 12 0.00012383041030261666] [256 4 0.24748720228672028] [256 5 0.23947454988956451] [256 7 0.04201831668615341] [256 8 0.1581515371799469] [256 13 0.015653938055038452] [256 11 0.25384554266929626] [257 5 0.8769216537475586] [257 4 0.09278467297554016] [258 3 0.02248009666800499] [258 7 0.031386762857437134] [258 5 0.08634510636329651] [258 4 0.8035874366760254] [258 18 0.0016219597309827805] [259 7 0.016290264204144478] [259 5 0.5350942015647888] [259 4 0.41669562458992004] [260 17 9.823501750361174e-05] [260 4 0.1120251789689064] [260 7 0.43286463618278503] [260 8 0.14052677154541016] [260 12 0.26479119062423706] [261 6 8.6032239778433e-05] [261 4 0.6270727515220642] [261 5 0.30962127447128296] [261 7 0.01635085977613926] [262 17 9.442446753382683e-05] [262 4 0.07046942412853241] [262 7 0.7273894548416138] [262 8 0.06852321326732635] [262 12 0.06366356462240219] [263 6 0.03013855405151844] [263 5 0.888580858707428] [263 4 0.06241095811128616] [264 8 0.0004328203503973782] [264 7 5.267419328447431e-05] [264 11 5.9820424212375656e-05] [264 4 0.12345091998577118] [264 5 0.8429639339447021] [265 12 0.03279712796211243] [265 11 0.24985671043395996] [265 13 0.01563667692244053] [265 8 0.48553112149238586] [265 7 0.05852635204792023] [265 5 0.042804643511772156] [265 4 0.07681190222501755] [266 12 0.03279712796211243] [266 11 0.02691838890314102] [266 5 0.11188960075378418] [266 8 0.4185640215873718] [266 7 0.02938009425997734] [266 4 0.32733646035194397] [267 12 0.00012278955546207726] [267 8 0.000829313590656966] [267 7 0.00024077328271232545] [267 4 0.16861671209335327] [267 5 0.8062995076179504] [268 13 8.274411811726168e-05] [268 11 4.2230170947732404e-05] [268 5 4.583629106491571e-06] [268 4 0.05419378727674484] [268 7 0.4474465847015381] [268 8 0.2021201103925705] [268 12 0.2141023874282837] [268 17 0.014379116706550121] [269 6 0.020350681617856026] [269 5 0.8078001737594604] [269 4 0.15636835992336273] [270 29 0.001068573328666389] [270 24 0.6329293847084045] [270 25 0.2796018719673157] [270 28 0.06456171721220016] [271 24 0.8186560869216919] [271 25 0.09731099754571915] [271 28 0.058767568320035934] [272 29 0.005570884793996811] [272 28 0.439852237701416] [272 25 0.058523550629615784] [272 24 0.45404618978500366] [273 28 0.07184389978647232] [273 24 0.4210386276245117] [273 1 0.46256521344184875] [273 3 0.006701397709548473] [274 28 0.012533440254628658] [274 1 0.9093064665794373] [274 3 0.000472769868792966] [274 24 0.011629676446318626] [275 28 0.00038404561928473413] [275 24 0.03154841065406799] [275 1 0.9065626859664917] [275 3 0.008373985067009926] [276 24 0.012889180332422256] [276 1 0.8983518481254578] [276 3 0.017609981819987297] [276 28 0.023606864735484123] [277 24 0.6327052712440491] [277 25 0.3297034800052643] [277 28 0.018860988318920135] [278 28 0.00